[gd_scene load_steps=4 format=3 uid="uid://cb0jabeexr5du"]

[ext_resource type="Script" uid="uid://b5tl4wbct0sou" path="res://drone body/Controller.gd" id="1_280uo"]

[sub_resource type="BoxShape3D" id="BoxShape3D_4cv2r"]
size = Vector3(1, 0.430115, 0.946289)

[sub_resource type="StandardMaterial3D" id="StandardMaterial3D_280uo"]

[node name="DroneBody" type="Node3D"]
script = ExtResource("1_280uo")

[node name="RigidBody3D" type="RigidBody3D" parent="."]
transform = Transform3D(1, 0, 0, 0, 1, 0, 0, 0, 1, 0, 0, 0.016277)
mass = 0.001

[node name="CollisionShape3D" type="CollisionShape3D" parent="RigidBody3D"]
shape = SubResource("BoxShape3D_4cv2r")

[node name="CSGBox3D" type="CSGBox3D" parent="RigidBody3D/CollisionShape3D"]
size = Vector3(1.12097, 0.485229, 0.654663)

[node name="CSGBox3D6" type="CSGBox3D" parent="RigidBody3D/CollisionShape3D"]
transform = Transform3D(1, 0, 0, 0, 1, 0, 0, 0, 1, -1.06375, 0.204607, -0.809215)
size = Vector3(0.463745, 0.0198975, 0.157166)

[node name="CSGBox3D7" type="CSGBox3D" parent="RigidBody3D/CollisionShape3D"]
transform = Transform3D(-0.258819, 0, 0.965926, 0, 1, 0, -0.965926, 0, -0.258819, -1.06375, 0.204027, -0.809215)
size = Vector3(0.463745, 0.0187378, 0.157166)
material = SubResource("StandardMaterial3D_280uo")

[node name="CSGBox3D2" type="CSGBox3D" parent="RigidBody3D/CollisionShape3D"]
transform = Transform3D(0.866025, 0, -0.5, 0, 1, 0, 0.5, 0, 0.866025, 0.815281, 0.102937, 0.396993)
size = Vector3(1.12097, 0.194641, 0.285248)

[node name="CSGBox3D3" type="CSGBox3D" parent="RigidBody3D/CollisionShape3D"]
transform = Transform3D(0.866025, 0, 0.5, 0, 1, 0, -0.5, 0, 0.866025, 0.874529, 0.102937, -0.449055)
size = Vector3(1.12097, 0.194641, 0.285248)

[node name="CSGBox3D4" type="CSGBox3D" parent="RigidBody3D/CollisionShape3D"]
transform = Transform3D(0.866025, 0, 0.5, 0, 1, 0, -0.5, 0, 0.866025, -0.774435, 0.102937, 0.458715)
size = Vector3(1.12097, 0.194641, 0.285248)

[node name="CSGBox3D5" type="CSGBox3D" parent="RigidBody3D/CollisionShape3D"]
transform = Transform3D(0.707107, 0, -0.707107, 0, 1, 0, 0.707107, 0, 0.707107, -0.774435, 0.102937, -0.541285)
size = Vector3(1.12097, 0.194641, 0.285248)
